   5.7842748e-01   8.3084484e-01   0.0000000e+00   7.5080155e-02   6.2683908e-01   1.1649535e+00   1.3242578e-01
   1.3242578e-01   5.7842748e-01   8.3084484e-01   3.5160690e-01   7.5080155e-02   6.2683908e-01   2.6406383e-01
   2.6406383e-01   1.3242578e-01   5.7842748e-01  -6.9651254e-01   3.5160690e-01   7.5080155e-02  -4.5633192e-01
  -4.5633192e-01   2.6406383e-01   1.3242578e-01   1.6961425e+00  -6.9651254e-01   3.5160690e-01   1.1336555e+00
   1.1336555e+00  -4.5633192e-01   2.6406383e-01   5.9059778e-02   1.6961425e+00  -6.9651254e-01   2.2861657e-01
   2.2861657e-01   1.1336555e+00  -4.5633192e-01   1.7970718e+00   5.9059778e-02   1.6961425e+00   1.3000126e+00
   1.3000126e+00   2.2861657e-01   1.1336555e+00   2.6406853e-01   1.7970718e+00   5.9059778e-02   3.9200133e-01
   3.9200133e-01   1.3000126e+00   2.2861657e-01   8.7167329e-01   2.6406853e-01   1.7970718e+00   6.6413926e-01
   6.6413926e-01   3.9200133e-01   1.3000126e+00  -1.4461715e+00   8.7167329e-01   2.6406853e-01  -9.3060527e-01
  -9.3060527e-01   6.6413926e-01   3.9200133e-01  -7.0116535e-01  -1.4461715e+00   8.7167329e-01  -6.5689706e-01
  -6.5689706e-01  -9.3060527e-01   6.6413926e-01   1.2459821e+00  -7.0116535e-01  -1.4461715e+00   7.9971645e-01
   7.9971645e-01  -6.5689706e-01  -9.3060527e-01  -6.3897700e-01   1.2459821e+00  -7.0116535e-01  -3.2065955e-01
  -3.2065955e-01   7.9971645e-01  -6.5689706e-01   5.7735022e-01  -6.3897700e-01   1.2459821e+00   3.4820011e-01
   3.4820011e-01  -3.2065955e-01   7.9971645e-01  -3.6002963e-01   5.7735022e-01  -6.3897700e-01  -1.9571991e-01
  -1.9571991e-01   3.4820011e-01  -3.2065955e-01  -1.3557629e-01  -3.6002963e-01   5.7735022e-01  -1.3344532e-01
  -1.3344532e-01  -1.9571991e-01   3.4820011e-01  -1.3493385e+00  -1.3557629e-01  -3.6002963e-01  -9.7996802e-01
  -9.7996802e-01  -1.3344532e-01  -1.9571991e-01  -1.2704499e+00  -1.3493385e+00  -1.3557629e-01  -1.0593190e+00
  -1.0593190e+00  -9.7996802e-01  -1.3344532e-01   9.8457027e-01  -1.2704499e+00  -1.3493385e+00   5.4938915e-01
   5.4938915e-01  -1.0593190e+00  -9.7996802e-01  -4.4880614e-02   9.8457027e-01  -1.2704499e+00   6.9589318e-02
   6.9589318e-02   5.4938915e-01  -1.0593190e+00  -7.9894452e-01  -4.4880614e-02   9.8457027e-01  -5.6842364e-01
  -5.6842364e-01   6.9589318e-02   5.4938915e-01  -7.6517243e-01  -7.9894452e-01  -4.4880614e-02  -6.3578989e-01
  -6.3578989e-01  -5.6842364e-01   6.9589318e-02   8.6173490e-01  -7.6517243e-01  -7.9894452e-01   5.2268359e-01
   5.2268359e-01  -6.3578989e-01  -5.6842364e-01  -5.6225124e-02   8.6173490e-01  -7.6517243e-01   5.1401682e-02
   5.1401682e-02   5.2268359e-01  -6.3578989e-01   5.1347817e-01  -5.6225124e-02   8.6173490e-01   3.6564403e-01
   3.6564403e-01   5.1401682e-02   5.2268359e-01   3.9668087e-01   5.1347817e-01  -5.6225124e-02   3.4072171e-01
   3.4072171e-01   3.6564403e-01   5.1401682e-02   7.5621897e-01   3.9668087e-01   5.1347817e-01   5.8767025e-01
   5.8767025e-01   3.4072171e-01   3.6564403e-01   4.0048602e-01   7.5621897e-01   3.9668087e-01   3.7387704e-01
   3.7387704e-01   5.8767025e-01   3.4072171e-01  -1.3413807e+00   4.0048602e-01   7.5621897e-01  -9.0604234e-01
  -9.0604234e-01   3.7387704e-01   5.8767025e-01   3.7504102e-01  -1.3413807e+00   4.0048602e-01   1.1931522e-01
   1.1931522e-01  -9.0604234e-01   3.7387704e-01   1.1251618e+00   3.7504102e-01  -1.3413807e+00   8.3547873e-01
   8.3547873e-01   1.1931522e-01  -9.0604234e-01   7.2864159e-01   1.1251618e+00   3.7504102e-01   6.4870228e-01
   6.4870228e-01   8.3547873e-01   1.1931522e-01  -2.3774543e+00   7.2864159e-01   1.1251618e+00  -1.6054048e+00
  -1.6054048e+00   6.4870228e-01   8.3547873e-01  -2.7378242e-01  -2.3774543e+00   7.2864159e-01  -4.5781671e-01
  -4.5781671e-01  -1.6054048e+00   6.4870228e-01  -3.2293992e-01  -2.7378242e-01  -2.3774543e+00  -2.7763419e-01
  -2.7763419e-01  -4.5781671e-01  -1.6054048e+00   3.1798792e-01  -3.2293992e-01  -2.7378242e-01   1.8759446e-01
   1.8759446e-01  -2.7763419e-01  -4.5781671e-01  -5.1117221e-01   3.1798792e-01  -3.2293992e-01  -3.3111441e-01
  -3.3111441e-01   1.8759446e-01  -2.7763419e-01  -2.0413453e-03  -5.1117221e-01   3.1798792e-01  -5.6982659e-02
  -5.6982659e-02  -3.3111441e-01   1.8759446e-01   1.6065110e+00  -2.0413453e-03  -5.1117221e-01   1.1420495e+00
   1.1420495e+00  -5.6982659e-02  -3.3111441e-01   8.4764863e-01   1.6065110e+00  -2.0413453e-03   7.8550574e-01
   7.8550574e-01   1.1420495e+00  -5.6982659e-02   2.6810081e-01   8.4764863e-01   1.6065110e+00   2.9808527e-01
   2.9808527e-01   7.8550574e-01   1.1420495e+00  -9.2348909e-01   2.6810081e-01   8.4764863e-01  -6.2185547e-01
  -6.2185547e-01   2.9808527e-01   7.8550574e-01  -7.0499388e-02  -9.2348909e-01   2.6810081e-01  -1.5220146e-01
  -1.5220146e-01  -6.2185547e-01   2.9808527e-01   1.4789135e-01  -7.0499388e-02  -9.2348909e-01   9.1140369e-02
   9.1140369e-02  -1.5220146e-01  -6.2185547e-01  -5.5709364e-01   1.4789135e-01  -7.0499388e-02  -3.8146973e-01
  -3.8146973e-01   9.1140369e-02  -1.5220146e-01  -3.3670570e-01  -5.5709364e-01   1.4789135e-01  -3.0195772e-01
  -3.0195772e-01  -3.8146973e-01   9.1140369e-02   4.1522746e-01  -3.3670570e-01  -5.5709364e-01   2.5430629e-01
   2.5430629e-01  -3.0195772e-01  -3.8146973e-01   1.5578135e+00   4.1522746e-01  -3.3670570e-01   1.1552876e+00
   1.1552876e+00   2.5430629e-01  -3.0195772e-01  -2.4442989e+00   1.5578135e+00   4.1522746e-01  -1.5648170e+00
  -1.5648170e+00   1.1552876e+00   2.5430629e-01  -1.0981954e+00  -2.4442989e+00   1.5578135e+00  -1.0477618e+00
  -1.0477618e+00  -1.5648170e+00   1.1552876e+00   1.1226479e+00  -1.0981954e+00  -2.4442989e+00   6.6021499e-01
   6.6021499e-01  -1.0477618e+00  -1.5648170e+00   5.8166726e-01   1.1226479e+00  -1.0981954e+00   5.3285150e-01
   5.3285150e-01   6.6021499e-01  -1.0477618e+00  -2.7135430e-01   5.8166726e-01   1.1226479e+00  -1.2047572e-01
  -1.2047572e-01   5.3285150e-01   6.6021499e-01   4.1419131e-01  -2.7135430e-01   5.8166726e-01   2.6928494e-01
   2.6928494e-01  -1.2047572e-01   5.3285150e-01  -9.7781423e-01   4.1419131e-01  -2.7135430e-01  -6.5235206e-01
  -6.5235206e-01   2.6928494e-01  -1.2047572e-01  -1.0214662e+00  -9.7781423e-01   4.1419131e-01  -8.3594997e-01
  -8.3594997e-01  -6.5235206e-01   2.6928494e-01   3.1768798e-01  -1.0214662e+00  -9.7781423e-01   1.0465887e-01
   1.0465887e-01  -8.3594997e-01  -6.5235206e-01   1.5161078e+00   3.1768798e-01  -1.0214662e+00   1.1095790e+00
   1.1095790e+00   1.0465887e-01  -8.3594997e-01   7.4943245e-01   1.5161078e+00   3.1768798e-01   7.0730877e-01
   7.0730877e-01   1.1095790e+00   1.0465887e-01  -5.0770039e-01   7.4943245e-01   1.5161078e+00  -2.6681840e-01
  -2.6681840e-01   7.0730877e-01   1.1095790e+00   8.8529945e-01  -5.0770039e-01   7.4943245e-01   5.7997050e-01
   5.7997050e-01  -2.6681840e-01   7.0730877e-01  -2.4809355e-01   8.8529945e-01  -5.0770039e-01  -8.0386904e-02
  -8.0386904e-02   5.7997050e-01  -2.6681840e-01  -7.2624900e-01  -2.4809355e-01   8.8529945e-01  -5.3988455e-01
  -5.3988455e-01  -8.0386904e-02   5.7997050e-01  -4.4504030e-01  -7.2624900e-01  -2.4809355e-01  -4.0072910e-01
  -4.0072910e-01  -5.3988455e-01  -8.0386904e-02  -6.1291112e-01  -4.4504030e-01  -7.2624900e-01  -4.9249855e-01
  -4.9249855e-01  -4.0072910e-01  -5.3988455e-01  -2.0914408e-01  -6.1291112e-01  -4.4504030e-01  -2.2167351e-01
  -2.2167351e-01  -4.9249855e-01  -4.0072910e-01   5.6214783e-01  -2.0914408e-01  -6.1291112e-01   3.7285729e-01
   3.7285729e-01  -2.2167351e-01  -4.9249855e-01  -1.0639229e+00   5.6214783e-01  -2.0914408e-01  -6.9709880e-01
  -6.9709880e-01   3.7285729e-01  -2.2167351e-01   3.5158895e-01  -1.0639229e+00   5.6214783e-01   1.3464934e-01
   1.3464934e-01  -6.9709880e-01   3.7285729e-01   1.1329999e+00   3.5158895e-01  -1.0639229e+00   8.4042101e-01
   8.4042101e-01   1.3464934e-01  -6.9709880e-01   1.4999425e-01   1.1329999e+00   3.5158895e-01   2.3683314e-01
   2.3683314e-01   8.4042101e-01   1.3464934e-01   7.0314405e-01   1.4999425e-01   1.1329999e+00   5.2647750e-01
   5.2647750e-01   2.3683314e-01   8.4042101e-01  -5.2411585e-02   7.0314405e-01   1.4999425e-01   4.3381105e-02
   4.3381105e-02   5.2647750e-01   2.3683314e-01   2.0184961e+00  -5.2411585e-02   7.0314405e-01   1.4386970e+00
   1.4386970e+00   4.3381105e-02   5.2647750e-01   9.2415940e-01   2.0184961e+00  -5.2411585e-02   8.8661450e-01
   8.8661450e-01   1.4386970e+00   4.3381105e-02  -1.8141147e+00   9.2415940e-01   2.0184961e+00  -1.1754270e+00
  -1.1754270e+00   8.8661450e-01   1.4386970e+00   3.4973320e-02  -1.8141147e+00   9.2415940e-01  -1.7239409e-01
  -1.7239409e-01  -1.1754270e+00   8.8661450e-01  -1.8078621e+00   3.4973320e-02  -1.8141147e+00  -1.2978185e+00
  -1.2978185e+00  -1.7239409e-01  -1.1754270e+00   1.0281925e+00  -1.8078621e+00   3.4973320e-02   5.2904395e-01
   5.2904395e-01  -1.2978185e+00  -1.7239409e-01   3.9460031e-01   1.0281925e+00  -1.8078621e+00   3.8464499e-01
   3.8464499e-01   5.2904395e-01  -1.2978185e+00   6.3940564e-01   3.9460031e-01   1.0281925e+00   5.0709690e-01
   5.0709690e-01   3.8464499e-01   5.2904395e-01   8.7421289e-01   6.3940564e-01   3.9460031e-01   6.9871431e-01
   6.9871431e-01   5.0709690e-01   3.8464499e-01   1.7524017e+00   8.7421289e-01   6.3940564e-01   1.3530483e+00
   1.3530483e+00   6.9871431e-01   5.0709690e-01  -3.2005083e-01   1.7524017e+00   8.7421289e-01  -2.4264761e-02
  -2.4264761e-02   1.3530483e+00   6.9871431e-01  -1.3741381e-01  -3.2005083e-01   1.7524017e+00  -1.2144315e-01
  -1.2144315e-01  -2.4264761e-02   1.3530483e+00   6.1576963e-01  -1.3741381e-01  -3.2005083e-01   4.2206865e-01
   4.2206865e-01  -1.2144315e-01  -2.4264761e-02   9.7789407e-01   6.1576963e-01  -1.3741381e-01   7.6581310e-01
   7.6581310e-01   4.2206865e-01  -1.2144315e-01  -1.1153477e+00   9.7789407e-01   6.1576963e-01  -6.8091781e-01
  -6.8091781e-01   7.6581310e-01   4.2206865e-01  -5.5002145e-01  -1.1153477e+00   9.7789407e-01  -5.1094843e-01
  -5.1094843e-01  -6.8091781e-01   7.6581310e-01   3.9884853e-02  -5.5002145e-01  -1.1153477e+00  -4.1057965e-02
  -4.1057965e-02  -5.1094843e-01  -6.8091781e-01  -2.4828425e+00   3.9884853e-02  -5.5002145e-01  -1.7705251e+00
  -1.7705251e+00  -4.1057965e-02  -5.1094843e-01   1.1586547e+00  -2.4828425e+00   3.9884853e-02   5.4644014e-01
   5.4644014e-01  -1.7705251e+00  -4.1057965e-02  -1.0262795e+00   1.1586547e+00  -2.4828425e+00  -6.1874221e-01
  -6.1874221e-01   5.4644014e-01  -1.7705251e+00   1.1534870e+00  -1.0262795e+00   1.1586547e+00   7.1418719e-01
   7.1418719e-01  -6.1874221e-01   5.4644014e-01  -7.8645661e-01   1.1534870e+00  -1.0262795e+00  -4.3766024e-01
  -4.3766024e-01   7.1418719e-01  -6.1874221e-01   6.3480859e-01  -7.8645661e-01   1.1534870e+00   3.7181744e-01
   3.7181744e-01  -4.3766024e-01   7.1418719e-01   8.2040976e-01   6.3480859e-01  -7.8645661e-01   6.5157355e-01
   6.5157355e-01   3.7181744e-01  -4.3766024e-01  -1.7602651e-01   8.2040976e-01   6.3480859e-01  -2.8833239e-02
  -2.8833239e-02   6.5157355e-01   3.7181744e-01   5.6247387e-01  -1.7602651e-01   8.2040976e-01   3.8729607e-01
   3.8729607e-01  -2.8833239e-02   6.5157355e-01  -1.2744288e-01   5.6247387e-01  -1.7602651e-01  -2.8396341e-02
  -2.8396341e-02   3.8729607e-01  -2.8833239e-02   5.5417156e-01  -1.2744288e-01   5.6247387e-01   3.8476765e-01
   3.8476765e-01  -2.8396341e-02   3.8729607e-01  -1.0973443e+00   5.5417156e-01  -1.2744288e-01  -7.2082968e-01
  -7.2082968e-01   3.8476765e-01  -2.8396341e-02  -7.3130140e-01  -1.0973443e+00   5.5417156e-01  -6.4144698e-01
  -6.4144698e-01  -7.2082968e-01   3.8476765e-01   1.4047319e+00  -7.3130140e-01  -1.0973443e+00   9.1187128e-01
   9.1187128e-01  -6.4144698e-01  -7.2082968e-01  -6.2021421e-01   1.4047319e+00  -7.3130140e-01  -2.8946614e-01
  -2.8946614e-01   9.1187128e-01  -6.4144698e-01   2.3714877e-01  -6.2021421e-01   1.4047319e+00   1.0879479e-01
   1.0879479e-01  -2.8946614e-01   9.1187128e-01  -1.5868470e+00   2.3714877e-01  -6.2021421e-01  -1.1088597e+00
  -1.1088597e+00   1.0879479e-01  -2.8946614e-01  -4.0148481e-01  -1.5868470e+00   2.3714877e-01  -4.6381683e-01
  -4.6381683e-01  -1.1088597e+00   1.0879479e-01  -7.7069227e-01  -4.0148481e-01  -1.5868470e+00  -6.0601418e-01
  -6.0601418e-01  -4.6381683e-01  -1.1088597e+00  -2.6268051e-01  -7.7069227e-01  -4.0148481e-01  -2.7764708e-01
  -2.7764708e-01  -6.0601418e-01  -4.6381683e-01   9.7648954e-01  -2.6268051e-01  -7.7069227e-01   6.6122289e-01
   6.6122289e-01  -2.7764708e-01  -6.0601418e-01   9.7781504e-01   9.7648954e-01  -2.6268051e-01   8.0535877e-01
   8.0535877e-01   6.6122289e-01  -2.7764708e-01   1.1700211e+00   9.7781504e-01   9.7648954e-01   9.5148403e-01
   9.5148403e-01   8.0535877e-01   6.6122289e-01   1.5931086e-01   1.1700211e+00   9.7781504e-01   2.5278568e-01
   2.5278568e-01   9.5148403e-01   8.0535877e-01   4.9952085e-01   1.5931086e-01   1.1700211e+00   3.8282050e-01
   3.8282050e-01   2.5278568e-01   9.5148403e-01  -1.0553751e+00   4.9952085e-01   1.5931086e-01  -6.9480633e-01
  -6.9480633e-01   3.8282050e-01   2.5278568e-01  -4.5074320e-01  -1.0553751e+00   4.9952085e-01  -4.3689208e-01
  -4.3689208e-01  -6.9480633e-01   3.8282050e-01   1.2703782e+00  -4.5074320e-01  -1.0553751e+00   8.4796651e-01
   8.4796651e-01  -4.3689208e-01  -6.9480633e-01   8.9869360e-01   1.2703782e+00  -4.5074320e-01   7.8065604e-01
   7.8065604e-01   8.4796651e-01  -4.3689208e-01   4.3870510e-01   8.9869360e-01   1.2703782e+00   4.2298167e-01
   4.2298167e-01   7.8065604e-01   8.4796651e-01  -1.2473443e+00   4.3870510e-01   8.9869360e-01  -8.3336013e-01
  -8.3336013e-01   4.2298167e-01   7.8065604e-01   3.2466692e-01  -1.2473443e+00   4.3870510e-01   9.4325432e-02
   9.4325432e-02  -8.3336013e-01   4.2298167e-01   3.9007041e-01   3.2466692e-01  -1.2473443e+00   3.0620840e-01
   3.0620840e-01   9.4325432e-02  -8.3336013e-01  -4.0513832e-01   3.9007041e-01   3.2466692e-01  -2.4312176e-01
  -2.4312176e-01   3.0620840e-01   9.4325432e-02   2.9231488e-01  -4.0513832e-01   3.9007041e-01   1.6563709e-01
   1.6563709e-01  -2.4312176e-01   3.0620840e-01   2.5659102e+00   2.9231488e-01  -4.0513832e-01   1.8602669e+00
   1.8602669e+00   1.6563709e-01  -2.4312176e-01  -4.5781564e-01   2.5659102e+00   2.9231488e-01  -3.5255126e-02
  -3.5255126e-02   1.8602669e+00   1.6563709e-01  -1.6108270e+00  -4.5781564e-01   2.5659102e+00  -1.1823208e+00
  -1.1823208e+00  -3.5255126e-02   1.8602669e+00  -2.6695238e+00  -1.6108270e+00  -4.5781564e-01  -2.0878336e+00
  -2.0878336e+00  -1.1823208e+00  -3.5255126e-02  -7.5969665e-01  -2.6695238e+00  -1.6108270e+00  -8.5430328e-01
  -8.5430328e-01  -2.0878336e+00  -1.1823208e+00  -6.7472086e-01  -7.5969665e-01  -2.6695238e+00  -5.8624426e-01
  -5.8624426e-01  -8.5430328e-01  -2.0878336e+00  -1.1716872e+00  -6.7472086e-01  -7.5969665e-01  -9.1806686e-01
  -9.1806686e-01  -5.8624426e-01  -8.5430328e-01   2.0329300e+00  -1.1716872e+00  -6.7472086e-01   1.3127021e+00
   1.3127021e+00  -9.1806686e-01  -5.8624426e-01   9.6848105e-01   2.0329300e+00  -1.1716872e+00   9.1146818e-01
   9.1146818e-01   1.3127021e+00  -9.1806686e-01   6.7029200e-01   9.6848105e-01   2.0329300e+00   6.0112635e-01
   6.0112635e-01   9.1146818e-01   1.3127021e+00   4.2014604e-01   6.7029200e-01   9.6848105e-01   3.8276648e-01
   3.8276648e-01   6.0112635e-01   9.1146818e-01  -2.8727513e+00   4.2014604e-01   6.7029200e-01  -1.9963740e+00
  -1.9963740e+00   3.8276648e-01   6.0112635e-01   1.6858741e+00  -2.8727513e+00   4.2014604e-01   8.8163169e-01
   8.8163169e-01  -1.9963740e+00   3.8276648e-01   2.7924554e-02   1.6858741e+00  -2.8727513e+00   1.8998053e-01
   1.8998053e-01   8.8163169e-01  -1.9963740e+00  -9.0203058e-01   2.7924554e-02   1.6858741e+00  -6.2935935e-01
  -6.2935935e-01   1.8998053e-01   8.8163169e-01  -2.0532575e+00  -9.0203058e-01   2.7924554e-02  -1.5653329e+00
  -1.5653329e+00  -6.2935935e-01   1.8998053e-01   8.9086298e-02  -2.0532575e+00  -9.0203058e-01  -1.7430896e-01
  -1.7430896e-01  -1.5653329e+00  -6.2935935e-01   2.0870991e+00   8.9086298e-02  -2.0532575e+00   1.4837974e+00
   1.4837974e+00  -1.7430896e-01  -1.5653329e+00   3.6511846e-01   2.0870991e+00   8.9086298e-02   4.9562252e-01
   4.9562252e-01   1.4837974e+00  -1.7430896e-01   8.4610553e-01   3.6511846e-01   2.0870991e+00   6.5929721e-01
   6.5929721e-01   4.9562252e-01   1.4837974e+00  -1.8453766e-01   8.4610553e-01   3.6511846e-01  -3.2874352e-02
  -3.2874352e-02   6.5929721e-01   4.9562252e-01   1.0307144e+00  -1.8453766e-01   8.4610553e-01   7.2040899e-01
   7.2040899e-01  -3.2874352e-02   6.5929721e-01  -1.5276227e+00   1.0307144e+00  -1.8453766e-01  -9.7425792e-01
  -9.7425792e-01   7.2040899e-01  -3.2874352e-02   9.6493896e-01  -1.5276227e+00   1.0307144e+00   5.2312598e-01
   5.2312598e-01  -9.7425792e-01   7.2040899e-01   5.2616250e-01   9.6493896e-01  -1.5276227e+00   4.7369776e-01
   4.7369776e-01   5.2312598e-01  -9.7425792e-01  -1.8445412e-01   5.2616250e-01   9.6493896e-01  -6.5973569e-02
  -6.5973569e-02   4.7369776e-01   5.2312598e-01   1.9878283e-01  -1.8445412e-01   5.2616250e-01   1.2500111e-01
   1.2500111e-01  -6.5973569e-02   4.7369776e-01   1.5904268e+00   1.9878283e-01  -1.8445412e-01   1.1556154e+00
   1.1556154e+00   1.2500111e-01  -6.5973569e-02   3.2191640e-02   1.5904268e+00   1.9878283e-01   2.0364195e-01
   2.0364195e-01   1.1556154e+00   1.2500111e-01   8.8916367e-01   3.2191640e-02   1.5904268e+00   6.4903658e-01
   6.4903658e-01   2.0364195e-01   1.1556154e+00  -1.2991525e+00   8.8916367e-01   3.2191640e-02  -8.2548279e-01
  -8.2548279e-01   6.4903658e-01   2.0364195e-01   1.1825731e+00  -1.2991525e+00   8.8916367e-01   7.0319993e-01
   7.0319993e-01  -8.2548279e-01   6.4903658e-01   1.8174717e+00   1.1825731e+00  -1.2991525e+00   1.4207595e+00
   1.4207595e+00   7.0319993e-01  -8.2548279e-01  -5.8430213e-01   1.8174717e+00   1.1825731e+00  -2.0391939e-01
  -2.0391939e-01   1.4207595e+00   7.0319993e-01  -1.0106738e+00  -5.8430213e-01   1.8174717e+00  -7.7350817e-01
  -7.7350817e-01  -2.0391939e-01   1.4207595e+00  -9.6049831e-01  -1.0106738e+00  -5.8430213e-01  -8.0242910e-01
  -8.0242910e-01  -7.7350817e-01  -2.0391939e-01   6.9115958e-01  -9.6049831e-01  -1.0106738e+00   3.7732993e-01
   3.7732993e-01  -8.0242910e-01  -7.7350817e-01  -7.5861821e-01   6.9115958e-01  -9.6049831e-01  -4.7023853e-01
  -4.7023853e-01   3.7732993e-01  -8.0242910e-01  -9.6971733e-02  -7.5861821e-01   6.9115958e-01  -1.5020775e-01
  -1.5020775e-01  -4.7023853e-01   3.7732993e-01  -1.4069490e+00  -9.6971733e-02  -7.5861821e-01  -1.0194690e+00
  -1.0194690e+00  -1.5020775e-01  -4.7023853e-01   1.0308125e+00  -1.4069490e+00  -9.6971733e-02   5.7557363e-01
   5.7557363e-01  -1.0194690e+00  -1.5020775e-01  -7.5987440e-01   1.0308125e+00  -1.4069490e+00  -4.3564392e-01
  -4.3564392e-01   5.7557363e-01  -1.0194690e+00   8.7412723e-01  -7.5987440e-01   1.0308125e+00   5.4447820e-01
   5.4447820e-01  -4.3564392e-01   5.7557363e-01   7.6112700e-01   8.7412723e-01  -7.5987440e-01   6.3641680e-01
   6.3641680e-01   5.4447820e-01  -4.3564392e-01  -1.6592345e-01   7.6112700e-01   8.7412723e-01  -2.6621534e-02
  -2.6621534e-02   6.3641680e-01   5.4447820e-01   3.0090744e-01  -1.6592345e-01   7.6112700e-01   2.0155653e-01
   2.0155653e-01  -2.6621534e-02   6.3641680e-01  -3.2246733e-01   3.0090744e-01  -1.6592345e-01  -1.9693036e-01
  -1.9693036e-01   2.0155653e-01  -2.6621534e-02  -3.6841128e-01  -3.2246733e-01   3.0090744e-01  -2.9704715e-01
  -2.9704715e-01  -1.9693036e-01   2.0155653e-01   1.1478953e+00  -3.6841128e-01  -3.2246733e-01   7.7497382e-01
   7.7497382e-01  -2.9704715e-01  -1.9693036e-01   4.1430260e-02   1.1478953e+00  -3.6841128e-01   1.5628638e-01
   1.5628638e-01   7.7497382e-01  -2.9704715e-01  -1.0980497e+00   4.1430260e-02   1.1478953e+00  -7.7052219e-01
  -7.7052219e-01   1.5628638e-01   7.7497382e-01   1.5667237e+00  -1.0980497e+00   4.1430260e-02   9.9426873e-01
   9.9426873e-01  -7.7052219e-01   1.5628638e-01  -1.0484234e+00   1.5667237e+00  -1.0980497e+00  -5.7875559e-01
  -5.7875559e-01   9.9426873e-01  -7.7052219e-01   4.2272368e-01  -1.0484234e+00   1.5667237e+00   1.9388206e-01
   1.9388206e-01  -5.7875559e-01   9.9426873e-01  -8.4441438e-01   4.2272368e-01  -1.0484234e+00  -5.6138856e-01
  -5.6138856e-01   1.9388206e-01  -5.7875559e-01  -3.1162976e-01  -8.4441438e-01   4.2272368e-01  -3.1485997e-01
  -3.1485997e-01  -5.6138856e-01   1.9388206e-01   3.9781048e-01  -3.1162976e-01  -8.4441438e-01   2.4277738e-01
   2.4277738e-01  -3.1485997e-01  -5.6138856e-01   1.0497860e+00   3.9781048e-01  -3.1162976e-01   7.9107411e-01
   7.9107411e-01   2.4277738e-01  -3.1485997e-01  -3.4079556e-01   1.0497860e+00   3.9781048e-01  -1.2200350e-01
  -1.2200350e-01   7.9107411e-01   2.4277738e-01   3.3629700e-01  -3.4079556e-01   1.0497860e+00   2.0894050e-01
   2.0894050e-01  -1.2200350e-01   7.9107411e-01  -2.2136078e-01   3.3629700e-01  -3.4079556e-01  -1.2196214e-01
  -1.2196214e-01   2.0894050e-01  -1.2200350e-01   1.6649494e-02  -2.2136078e-01   3.3629700e-01  -1.0831011e-02
  -1.0831011e-02  -1.2196214e-01   2.0894050e-01  -1.1923612e+00   1.6649494e-02  -2.2136078e-01  -8.4995429e-01
  -8.4995429e-01  -1.0831011e-02  -1.2196214e-01  -1.3164630e-01  -1.1923612e+00   1.6649494e-02  -2.2830523e-01
  -2.2830523e-01  -8.4995429e-01  -1.0831011e-02   1.4875243e+00  -1.3164630e-01  -1.1923612e+00   1.0376742e+00
   1.0376742e+00  -2.2830523e-01  -8.4995429e-01  -8.3682123e-01   1.4875243e+00  -1.3164630e-01  -4.3043879e-01
  -4.3043879e-01   1.0376742e+00  -2.2830523e-01  -1.3009819e+00  -8.3682123e-01   1.4875243e+00  -1.0118270e+00
  -1.0118270e+00  -4.3043879e-01   1.0376742e+00   1.5741319e+00  -1.3009819e+00  -8.3682123e-01   9.7061848e-01
   9.7061848e-01  -1.0118270e+00  -4.3043879e-01   1.1660400e+00   1.5741319e+00  -1.3009819e+00   9.9969399e-01
   9.9969399e-01   9.7061848e-01  -1.0118270e+00   7.8642969e-01   1.1660400e+00   1.5741319e+00   7.0295695e-01
   7.0295695e-01   9.9969399e-01   9.7061848e-01  -1.4616388e+00   7.8642969e-01   1.1660400e+00  -9.4500539e-01
  -9.4500539e-01   7.0295695e-01   9.9969399e-01   1.5544659e+00  -1.4616388e+00   7.8642969e-01   9.4980009e-01
   9.4980009e-01  -9.4500539e-01   7.0295695e-01  -5.9753538e-01   1.5544659e+00  -1.4616388e+00  -2.6085104e-01
  -2.6085104e-01   9.4980009e-01  -9.4500539e-01  -1.2105679e+00  -5.9753538e-01   1.5544659e+00  -9.2034505e-01
  -9.2034505e-01  -2.6085104e-01   9.4980009e-01  -7.0266880e-01  -1.2105679e+00  -5.9753538e-01  -6.4131209e-01
  -6.4131209e-01  -9.2034505e-01  -2.6085104e-01   3.5642939e-01  -7.0266880e-01  -1.2105679e+00   1.6626010e-01
   1.6626010e-01  -6.4131209e-01  -9.2034505e-01   6.5263567e-01   3.5642939e-01  -7.0266880e-01   5.0026283e-01
   5.0026283e-01   1.6626010e-01  -6.4131209e-01   2.1567116e-01   6.5263567e-01   3.5642939e-01   2.2964571e-01
   2.2964571e-01   5.0026283e-01   1.6626010e-01  -2.6389619e-01   2.1567116e-01   6.5263567e-01  -1.5918096e-01
  -1.5918096e-01   2.2964571e-01   5.0026283e-01   1.8024402e+00  -2.6389619e-01   2.1567116e-01   1.2575011e+00
   1.2575011e+00  -1.5918096e-01   2.2964571e-01  -6.4298417e-01   1.8024402e+00  -2.6389619e-01  -2.5709282e-01
  -2.5709282e-01   1.2575011e+00  -1.5918096e-01   1.0955505e-01  -6.4298417e-01   1.8024402e+00   1.8212461e-02
   1.8212461e-02  -2.5709282e-01   1.2575011e+00  -7.1903770e-01   1.0955505e-01  -6.4298417e-01  -5.0433555e-01
  -5.0433555e-01   1.8212461e-02  -2.5709282e-01   4.2062757e-01  -7.1903770e-01   1.0955505e-01   2.1947187e-01
   2.1947187e-01  -5.0433555e-01   1.8212461e-02  -1.9311337e+00   4.2062757e-01  -7.1903770e-01  -1.3348790e+00
  -1.3348790e+00   2.1947187e-01  -5.0433555e-01   6.6029978e-01  -1.9311337e+00   4.2062757e-01   2.5586048e-01
   2.5586048e-01  -1.3348790e+00   2.1947187e-01  -1.1025096e+00   6.6029978e-01  -1.9311337e+00  -7.2529042e-01
  -7.2529042e-01   2.5586048e-01  -1.3348790e+00  -1.0297064e-01  -1.1025096e+00   6.6029978e-01  -1.9381396e-01
  -1.9381396e-01  -7.2529042e-01   2.5586048e-01  -1.0598015e+00  -1.0297064e-01  -1.1025096e+00  -7.7500341e-01
  -7.7500341e-01  -1.9381396e-01  -7.2529042e-01  -1.2385659e+00  -1.0598015e+00  -1.0297064e-01  -1.0039685e+00
  -1.0039685e+00  -7.7500341e-01  -1.9381396e-01  -1.8892361e+00  -1.2385659e+00  -1.0598015e+00  -1.4945762e+00
  -1.4945762e+00  -1.0039685e+00  -7.7500341e-01  -9.7358455e-01  -1.8892361e+00  -1.2385659e+00  -9.1649688e-01
  -9.1649688e-01  -1.4945762e+00  -1.0039685e+00   2.1211584e-01  -9.7358455e-01  -1.8892361e+00   2.7743508e-02
   2.7743508e-02  -9.1649688e-01  -1.4945762e+00   4.9344199e-01   2.1211584e-01  -9.7358455e-01   3.6829186e-01
   3.6829186e-01   2.7743508e-02  -9.1649688e-01   1.5471766e+00   4.9344199e-01   2.1211584e-01   1.1602015e+00
   1.1602015e+00   3.6829186e-01   2.7743508e-02   6.4493275e-01   1.5471766e+00   4.9344199e-01   6.3796729e-01
   6.3796729e-01   1.1602015e+00   3.6829186e-01  -2.1483590e+00   6.4493275e-01   1.5471766e+00  -1.4484201e+00
  -1.4484201e+00   6.3796729e-01   1.1602015e+00  -1.0288445e+00  -2.1483590e+00   6.4493275e-01  -9.7092692e-01
  -9.7092692e-01  -1.4484201e+00   6.3796729e-01  -1.4158212e-01  -1.0288445e+00  -2.1483590e+00  -2.3184766e-01
  -2.3184766e-01  -9.7092692e-01  -1.4484201e+00  -2.5267061e+00  -1.4158212e-01  -1.0288445e+00  -1.8260191e+00
  -1.8260191e+00  -2.3184766e-01  -9.7092692e-01  -3.1298149e-01  -2.5267061e+00  -1.4158212e-01  -5.0954173e-01
  -5.0954173e-01  -1.8260191e+00  -2.3184766e-01  -5.9361762e-01  -3.1298149e-01  -2.5267061e+00  -4.7649762e-01
  -4.7649762e-01  -5.0954173e-01  -1.8260191e+00   3.3232216e-01  -5.9361762e-01  -3.1298149e-01   1.6695311e-01
   1.6695311e-01  -4.7649762e-01  -5.0954173e-01   5.5885070e-01   3.3232216e-01  -5.9361762e-01   4.3172272e-01
   4.3172272e-01   1.6695311e-01  -4.7649762e-01   8.9988357e-01   5.5885070e-01   3.3232216e-01   7.0693341e-01
   7.0693341e-01   4.3172272e-01   1.6695311e-01  -2.0089886e-01   8.9988357e-01   5.5885070e-01  -3.7762753e-02
  -3.7762753e-02   7.0693341e-01   4.3172272e-01  -2.3373497e-01  -2.0089886e-01   8.9988357e-01  -1.8281754e-01
  -1.8281754e-01  -3.7762753e-02   7.0693341e-01   1.4499066e+00  -2.3373497e-01  -2.0089886e-01   1.0066379e+00
   1.0066379e+00  -1.8281754e-01  -3.7762753e-02   1.8361320e+00   1.4499066e+00  -2.3373497e-01   1.4713237e+00
   1.4713237e+00   1.0066379e+00  -1.8281754e-01  -3.8291826e-01   1.8361320e+00   1.4499066e+00  -5.5936639e-02
  -5.5936639e-02   1.4713237e+00   1.0066379e+00   1.5508274e-01  -3.8291826e-01   1.8361320e+00   8.0861707e-02
   8.0861707e-02  -5.5936639e-02   1.4713237e+00  -9.6464825e-01   1.5508274e-01  -3.8291826e-01  -6.7250555e-01
  -6.7250555e-01   8.0861707e-02  -5.5936639e-02   3.8756431e-02  -9.6464825e-01   1.5508274e-01  -8.0159921e-02
  -8.0159921e-02  -6.7250555e-01   8.0861707e-02   7.6545839e-01   3.8756431e-02  -9.6464825e-01   5.4356139e-01
   5.4356139e-01  -8.0159921e-02  -6.7250555e-01  -5.9452401e-01   7.6545839e-01   3.8756431e-02  -3.3777326e-01
  -3.3777326e-01   5.4356139e-01  -8.0159921e-02   1.3024598e-01  -5.9452401e-01   7.6545839e-01   3.1234000e-02
   3.1234000e-02  -3.3777326e-01   5.4356139e-01   3.5013505e-02   1.3024598e-01  -5.9452401e-01   3.5755907e-02
   3.5755907e-02   3.1234000e-02  -3.3777326e-01  -6.2467414e-01   3.5013505e-02   1.3024598e-01  -4.4085816e-01
  -4.4085816e-01   3.5755907e-02   3.1234000e-02  -5.3977524e-01  -6.2467414e-01   3.5013505e-02  -4.5512391e-01
  -4.5512391e-01  -4.4085816e-01   3.5755907e-02   1.8799571e+00  -5.3977524e-01  -6.2467414e-01   1.2755389e+00
   1.2755389e+00  -4.5512391e-01  -4.4085816e-01  -1.0038495e+00   1.8799571e+00  -5.3977524e-01  -5.0797473e-01
  -5.0797473e-01   1.2755389e+00  -4.5512391e-01  -4.9744588e-01  -1.0038495e+00   1.8799571e+00  -4.5496020e-01
  -4.5496020e-01  -5.0797473e-01   1.2755389e+00  -1.5043972e+00  -4.9744588e-01  -1.0038495e+00  -1.1354159e+00
  -1.1354159e+00  -4.5496020e-01  -5.0797473e-01  -9.5449299e-02  -1.5043972e+00  -4.9744588e-01  -2.4155392e-01
  -2.4155392e-01  -1.1354159e+00  -4.5496020e-01   3.9672705e-01  -9.5449299e-02  -1.5043972e+00   2.6140714e-01
   2.6140714e-01  -2.4155392e-01  -1.1354159e+00  -5.2711491e-01   3.9672705e-01  -9.5449299e-02  -3.3242586e-01
  -3.3242586e-01   2.6140714e-01  -2.4155392e-01   3.4457106e-01  -5.2711491e-01   3.9672705e-01   1.8904258e-01
   1.8904258e-01  -3.3242586e-01   2.6140714e-01  -7.2329053e-01   3.4457106e-01  -5.2711491e-01  -4.8055965e-01
  -4.8055965e-01   1.8904258e-01  -3.3242586e-01   1.2681934e+00  -7.2329053e-01   3.4457106e-01   8.2515162e-01
   8.2515162e-01  -4.8055965e-01   1.8904258e-01  -3.1242658e-02   1.2681934e+00  -7.2329053e-01   1.1575611e-01
   1.1575611e-01   8.2515162e-01  -4.8055965e-01   7.7821174e-01  -3.1242658e-02   1.2681934e+00   5.6015917e-01
   5.6015917e-01   1.1575611e-01   8.2515162e-01   2.1804836e+00   7.7821174e-01  -3.1242658e-02   1.6431062e+00
   1.6431062e+00   5.6015917e-01   1.1575611e-01   4.3781368e-01   2.1804836e+00   7.7821174e-01   5.6361043e-01
   5.6361043e-01   1.6431062e+00   5.6015917e-01   1.3333290e+00   4.3781368e-01   2.1804836e+00   1.0159176e+00
   1.0159176e+00   5.6361043e-01   1.6431062e+00   2.5107814e-01   1.3333290e+00   4.3781368e-01   3.3330292e-01
   3.3330292e-01   1.0159176e+00   5.6361043e-01  -3.1047091e-01   2.5107814e-01   1.3333290e+00  -1.8354823e-01
  -1.8354823e-01   3.3330292e-01   1.0159176e+00  -9.2300372e-01  -3.1047091e-01   2.5107814e-01  -6.9104090e-01
  -6.9104090e-01  -1.8354823e-01   3.3330292e-01  -3.8477574e-01  -9.2300372e-01  -3.1047091e-01  -3.8057849e-01
  -3.8057849e-01  -6.9104090e-01  -1.8354823e-01   1.1581806e+00  -3.8477574e-01  -9.2300372e-01   7.7602427e-01
   7.7602427e-01  -3.8057849e-01  -6.9104090e-01   8.6250019e-01   1.1581806e+00  -3.8477574e-01   7.4269153e-01
   7.4269153e-01   7.7602427e-01  -3.8057849e-01  -1.0347056e+00   8.6250019e-01   1.1581806e+00  -6.3269943e-01
  -6.3269943e-01   7.4269153e-01   7.7602427e-01  -1.9267288e-01  -1.0347056e+00   8.6250019e-01  -2.4761171e-01
  -2.4761171e-01  -6.3269943e-01   7.4269153e-01  -1.2997228e+00  -1.9267288e-01  -1.0347056e+00  -9.5563670e-01
  -9.5563670e-01  -2.4761171e-01  -6.3269943e-01   3.0659592e-01  -1.2997228e+00  -1.9267288e-01   7.0382610e-02
   7.0382610e-02  -9.5563670e-01  -2.4761171e-01   9.6899218e-01   3.0659592e-01  -1.2997228e+00   7.1643275e-01
   7.1643275e-01   7.0382610e-02  -9.5563670e-01  -7.4731713e-01   9.6899218e-01   3.0659592e-01  -4.2203641e-01
  -4.2203641e-01   7.1643275e-01   7.0382610e-02  -2.7960244e+00  -7.4731713e-01   9.6899218e-01  -2.0714876e+00
  -2.0714876e+00  -4.2203641e-01   7.1643275e-01   6.9673155e-01  -2.7960244e+00  -7.4731713e-01   1.7671582e-01
   1.7671582e-01  -2.0714876e+00  -4.2203641e-01   3.2069075e+00   6.9673155e-01  -2.7960244e+00   2.3458113e+00
   2.3458113e+00   1.7671582e-01  -2.0714876e+00   5.3600704e-01   3.2069075e+00   6.9673155e-01   7.4778158e-01
   7.4778158e-01   2.3458113e+00   1.7671582e-01   2.9845054e-01   5.3600704e-01   3.2069075e+00   2.9606555e-01
   2.9606555e-01   7.4778158e-01   2.3458113e+00   2.8404316e-01   2.9845054e-01   5.3600704e-01   2.4117809e-01
   2.4117809e-01   2.9606555e-01   7.4778158e-01   9.5966437e-01   2.8404316e-01   2.9845054e-01   7.1880166e-01
   7.1880166e-01   2.4117809e-01   2.9606555e-01   2.0875931e+00   9.5966437e-01   2.8404316e-01   1.5992010e+00
   1.5992010e+00   7.1880166e-01   2.4117809e-01   1.5246805e+00   2.0875931e+00   9.5966437e-01   1.3296655e+00
   1.3296655e+00   1.5992010e+00   7.1880166e-01  -1.9526079e-01   1.5246805e+00   2.0875931e+00   4.7704682e-02
   4.7704682e-02   1.3296655e+00   1.5992010e+00   1.7260316e-02  -1.9526079e-01   1.5246805e+00   1.7856906e-03
   1.7856906e-03   4.7704682e-02   1.3296655e+00   2.4634044e-01   1.7260316e-02  -1.9526079e-01   1.7684562e-01
   1.7684562e-01   1.7856906e-03   4.7704682e-02  -8.5448472e-01   2.4634044e-01   1.7260316e-02  -5.8156833e-01
  -5.8156833e-01   1.7684562e-01   1.7856906e-03   1.1577827e+00  -8.5448472e-01   2.4634044e-01   7.3111036e-01
   7.3111036e-01  -5.8156833e-01   1.7684562e-01   1.6190772e-01   1.1577827e+00  -8.5448472e-01   2.4010960e-01
   2.4010960e-01   7.3111036e-01  -5.8156833e-01   1.5570638e+00   1.6190772e-01   1.1577827e+00   1.1365915e+00
   1.1365915e+00   2.4010960e-01   7.3111036e-01  -1.9354386e-01   1.5570638e+00   1.6190772e-01   3.9093473e-02
   3.9093473e-02   1.1365915e+00   2.4010960e-01   1.6513012e+00  -1.9354386e-01   1.5570638e+00   1.1669091e+00
   1.1669091e+00   3.9093473e-02   1.1365915e+00  -1.8987782e+00   1.6513012e+00  -1.9354386e-01  -1.1687937e+00
  -1.1687937e+00   1.1669091e+00   3.9093473e-02   1.8225248e+00  -1.8987782e+00   1.6513012e+00   1.0972744e+00
   1.0972744e+00  -1.1687937e+00   1.1669091e+00  -1.5184151e+00   1.8225248e+00  -1.8987782e+00  -8.9017474e-01
  -8.9017474e-01   1.0972744e+00  -1.1687937e+00  -1.0510706e+00  -1.5184151e+00   1.8225248e+00  -9.0869561e-01
  -9.0869561e-01  -8.9017474e-01   1.0972744e+00   4.9930513e-02  -1.0510706e+00  -1.5184151e+00  -9.2957960e-02
  -9.2957960e-02  -9.0869561e-01  -8.9017474e-01  -1.4547489e+00   4.9930513e-02  -1.0510706e+00  -1.0398142e+00
  -1.0398142e+00  -9.2957960e-02  -9.0869561e-01   4.6654585e-01  -1.4547489e+00   4.9930513e-02   1.6864430e-01
   1.6864430e-01  -1.0398142e+00  -9.2957960e-02   5.4543684e-01   4.6654585e-01  -1.4547489e+00   4.3138752e-01
   4.3138752e-01   1.6864430e-01  -1.0398142e+00   1.3203191e+00   5.4543684e-01   4.6654585e-01   1.0059119e+00
   1.0059119e+00   4.3138752e-01   1.6864430e-01  -4.0449433e-01   1.3203191e+00   5.4543684e-01  -1.3561462e-01
  -1.3561462e-01   1.0059119e+00   4.3138752e-01   4.1846851e-01  -4.0449433e-01   1.3203191e+00   2.6232955e-01
   2.6232955e-01  -1.3561462e-01   1.0059119e+00   2.4734875e-01   4.1846851e-01  -4.0449433e-01   2.2123982e-01
   2.2123982e-01   2.6232955e-01  -1.3561462e-01   7.0411032e-01   2.4734875e-01   4.1846851e-01   5.3287853e-01
   5.3287853e-01   2.2123982e-01   2.6232955e-01   6.3193885e-01   7.0411032e-01   2.4734875e-01   5.3198330e-01
   5.3198330e-01   5.3287853e-01   2.2123982e-01  -9.9236211e-01   6.3193885e-01   7.0411032e-01  -6.3144459e-01
  -6.3144459e-01   5.3198330e-01   5.3287853e-01   1.7667084e+00  -9.9236211e-01   6.3193885e-01   1.1528163e+00
   1.1528163e+00  -6.3144459e-01   5.3198330e-01  -3.8210364e-01   1.7667084e+00  -9.9236211e-01  -8.0033826e-02
  -8.0033826e-02   1.1528163e+00  -6.3144459e-01  -9.1142542e-01  -3.8210364e-01   1.7667084e+00  -6.8104249e-01
  -6.8104249e-01  -8.0033826e-02   1.1528163e+00  -9.9608998e-01  -9.1142542e-01  -3.8210364e-01  -8.1524845e-01
  -8.1524845e-01  -6.8104249e-01  -8.0033826e-02   1.1951426e+00  -9.9608998e-01  -9.1142542e-01   7.3352782e-01
   7.3352782e-01  -8.1524845e-01  -6.8104249e-01  -1.5944778e-01   1.1951426e+00  -9.9608998e-01   1.3710182e-02
   1.3710182e-02   7.3352782e-01  -8.1524845e-01   2.7040260e+00  -1.5944778e-01   1.1951426e+00   1.9185623e+00
   1.9185623e+00   1.3710182e-02   7.3352782e-01  -1.9849992e-01   2.7040260e+00  -1.5944778e-01   1.6264747e-01
   1.6264747e-01   1.9185623e+00   1.3710182e-02  -1.4140461e-01  -1.9849992e-01   2.7040260e+00  -1.0425686e-01
  -1.0425686e-01   1.6264747e-01   1.9185623e+00   4.1126793e-01  -1.4140461e-01  -1.9849992e-01   2.7695387e-01
   2.7695387e-01  -1.0425686e-01   1.6264747e-01  -1.1790597e+00   4.1126793e-01  -1.4140461e-01  -7.9555740e-01
  -7.9555740e-01   2.7695387e-01  -1.0425686e-01  -2.7777551e-01  -1.1790597e+00   4.1126793e-01  -3.2822793e-01
  -3.2822793e-01  -7.9555740e-01   2.7695387e-01  -1.5810534e+00  -2.7777551e-01  -1.1790597e+00  -1.1670761e+00
  -1.1670761e+00  -3.2822793e-01  -7.9555740e-01   1.0490223e+00  -1.5810534e+00  -2.7777551e-01   5.6749969e-01
   5.6749969e-01  -1.1670761e+00  -3.2822793e-01   3.0268904e-01   1.0490223e+00  -1.5810534e+00   3.2293365e-01
   3.2293365e-01   5.6749969e-01  -1.1670761e+00  -1.2265023e+00   3.0268904e-01   1.0490223e+00  -8.3380857e-01
  -8.3380857e-01   3.2293365e-01   5.6749969e-01   6.9600095e-02  -1.2265023e+00   3.0268904e-01  -8.6180124e-02
  -8.6180124e-02  -8.3380857e-01   3.2293365e-01  -3.9651621e-01   6.9600095e-02  -1.2265023e+00  -2.8344815e-01
  -2.8344815e-01  -8.6180124e-02  -8.3380857e-01   1.3888068e+00  -3.9651621e-01   6.9600095e-02   9.4583262e-01
   9.4583262e-01  -2.8344815e-01  -8.6180124e-02   1.3644223e+00   1.3888068e+00  -3.9651621e-01   1.1269338e+00
   1.1269338e+00   9.4583262e-01  -2.8344815e-01   6.5815264e-01   1.3644223e+00   1.3888068e+00   6.3287808e-01
   6.3287808e-01   1.1269338e+00   9.4583262e-01   4.9131367e-01   6.5815264e-01   1.3644223e+00   4.3471606e-01
   4.3471606e-01   6.3287808e-01   1.1269338e+00   8.0073370e-01   4.9131367e-01   6.5815264e-01   6.3162979e-01
   6.3162979e-01   4.3471606e-01   6.3287808e-01  -7.6726900e-01   8.0073370e-01   4.9131367e-01  -4.5320822e-01
  -4.5320822e-01   6.3162979e-01   4.3471606e-01   3.6441950e-01  -7.6726900e-01   8.0073370e-01   1.7920185e-01
   1.7920185e-01  -4.5320822e-01   6.3162979e-01  -3.9791385e-01   3.6441950e-01  -7.6726900e-01  -2.4779745e-01
  -2.4779745e-01   1.7920185e-01  -4.5320822e-01   8.6427958e-01  -3.9791385e-01   3.6441950e-01   5.7382910e-01
   5.7382910e-01  -2.4779745e-01   1.7920185e-01  -1.7761808e-01   8.6427958e-01  -3.9791385e-01  -3.1894080e-02
  -3.1894080e-02   5.7382910e-01  -2.4779745e-01   1.8743805e+00  -1.7761808e-01   8.6427958e-01   1.3227183e+00
   1.3227183e+00  -3.1894080e-02   5.7382910e-01   1.7240023e-01   1.8743805e+00  -1.7761808e-01   3.3337905e-01
   3.3337905e-01   1.3227183e+00  -3.1894080e-02   1.2717435e+00   1.7240023e-01   1.8743805e+00   9.3957848e-01
   9.3957848e-01   3.3337905e-01   1.3227183e+00  -3.5344368e-02   1.2717435e+00   1.7240023e-01   1.2009061e-01
   1.2009061e-01   9.3957848e-01   3.3337905e-01  -1.5013288e+00  -3.5344368e-02   1.2717435e+00  -1.0657002e+00
  -1.0657002e+00   1.2009061e-01   9.3957848e-01   3.6537341e-01  -1.5013288e+00  -3.5344368e-02   9.1502347e-02
   9.1502347e-02  -1.0657002e+00   1.2009061e-01  -1.9865986e-01   3.6537341e-01  -1.5013288e+00  -1.1103705e-01
  -1.1103705e-01   9.1502347e-02  -1.0657002e+00  -1.3897217e+00  -1.9865986e-01   3.6537341e-01  -1.0115272e+00
  -1.0115272e+00  -1.1103705e-01   9.1502347e-02   2.2932781e-01  -1.3897217e+00  -1.9865986e-01   5.5589325e-03
   5.5589325e-03  -1.0115272e+00  -1.1103705e-01   2.7119024e-01   2.2932781e-01  -1.3897217e+00   2.0943218e-01
   2.0943218e-01   5.5589325e-03  -1.0115272e+00  -3.6636022e-01   2.7119024e-01   2.2932781e-01  -2.2960150e-01
  -2.2960150e-01   2.0943218e-01   5.5589325e-03   1.3769604e+00  -3.6636022e-01   2.7119024e-01   9.4270658e-01
   9.4270658e-01  -2.2960150e-01   2.0943218e-01  -7.9753276e-01   1.3769604e+00  -3.6636022e-01  -4.1600241e-01
  -4.1600241e-01   9.4270658e-01  -2.2960150e-01  -9.3674061e-01  -7.9753276e-01   1.3769604e+00  -7.4846184e-01
  -7.4846184e-01  -4.1600241e-01   9.4270658e-01  -2.4334655e-03  -9.3674061e-01  -7.9753276e-01  -1.1248153e-01
  -1.1248153e-01  -7.4846184e-01  -4.1600241e-01   3.9608617e-01  -2.4334655e-03  -9.3674061e-01   2.7535602e-01
   2.7535602e-01  -1.1248153e-01  -7.4846184e-01  -5.0869317e-01   3.9608617e-01  -2.4334655e-03  -3.1850375e-01
  -3.1850375e-01   2.7535602e-01  -1.1248153e-01  -2.6828578e-01  -5.0869317e-01   3.9608617e-01  -2.4593258e-01
  -2.4593258e-01  -3.1850375e-01   2.7535602e-01  -1.0821405e+00  -2.6828578e-01  -5.0869317e-01  -8.0546957e-01
  -8.0546957e-01  -2.4593258e-01  -3.1850375e-01   2.0141337e+00  -1.0821405e+00  -2.6828578e-01   1.3123869e+00
   1.3123869e+00  -8.0546957e-01  -2.4593258e-01   1.9440311e+00   2.0141337e+00  -1.0821405e+00   1.6058913e+00
   1.6058913e+00   1.3123869e+00  -8.0546957e-01  -1.5215294e+00   1.9440311e+00   2.0141337e+00  -8.5216732e-01
  -8.5216732e-01   1.6058913e+00   1.3123869e+00   1.9393184e+00  -1.5215294e+00   1.9440311e+00   1.2259351e+00
   1.2259351e+00  -8.5216732e-01   1.6058913e+00  -8.9584036e-01   1.9393184e+00  -1.5215294e+00  -4.3019334e-01
  -4.3019334e-01   1.2259351e+00  -8.5216732e-01  -3.0415758e-01  -8.9584036e-01   1.9393184e+00  -3.0483010e-01
  -3.0483010e-01  -4.3019334e-01   1.2259351e+00   5.5525312e-01  -3.0415758e-01  -8.9584036e-01   3.5608973e-01
   3.5608973e-01  -3.0483010e-01  -4.3019334e-01  -3.2424685e-01   5.5525312e-01  -3.0415758e-01  -1.7107694e-01
  -1.7107694e-01   3.5608973e-01  -3.0483010e-01   1.3388144e+00  -3.2424685e-01   5.5525312e-01   9.2206084e-01
   9.2206084e-01  -1.7107694e-01   3.5608973e-01   1.2222985e+00   1.3388144e+00  -3.2424685e-01   1.0206312e+00
   1.0206312e+00   9.2206084e-01  -1.7107694e-01  -1.5959782e+00   1.2222985e+00   1.3388144e+00  -9.9111309e-01
  -9.9111309e-01   1.0206312e+00   9.2206084e-01  -1.0677303e+00  -1.5959782e+00   1.2222985e+00  -9.3239774e-01
  -9.3239774e-01  -9.9111309e-01   1.0206312e+00  -7.5991921e-01  -1.0677303e+00  -1.5959782e+00  -6.7313908e-01
  -6.7313908e-01  -9.3239774e-01  -9.9111309e-01   4.2098880e-01  -7.5991921e-01  -1.0677303e+00   2.0648548e-01
   2.0648548e-01  -6.7313908e-01  -9.3239774e-01  -4.3337306e-01   4.2098880e-01  -7.5991921e-01  -2.6736370e-01
  -2.6736370e-01   2.0648548e-01  -6.7313908e-01   7.0625199e-01  -4.3337306e-01   4.2098880e-01   4.5749967e-01
   4.5749967e-01  -2.6736370e-01   2.0648548e-01   2.2785691e-01   7.0625199e-01  -4.3337306e-01   2.3924241e-01
   2.3924241e-01   4.5749967e-01  -2.6736370e-01  -1.0169919e+00   2.2785691e-01   7.0625199e-01  -6.9480834e-01
  -6.9480834e-01   2.3924241e-01   4.5749967e-01   1.3986037e-01  -1.0169919e+00   2.2785691e-01  -1.3079714e-02
  -1.3079714e-02  -6.9480834e-01   2.3924241e-01  -7.4808884e-01   1.3986037e-01  -1.0169919e+00  -5.2482555e-01
  -5.2482555e-01  -1.3079714e-02  -6.9480834e-01  -6.2897493e-01  -7.4808884e-01   1.3986037e-01  -5.3232533e-01
  -5.3232533e-01  -5.2482555e-01  -1.3079714e-02   1.3948307e+00  -6.2897493e-01  -7.4808884e-01   9.1864194e-01
   9.1864194e-01  -5.3232533e-01  -5.2482555e-01  -1.6476911e+00   1.3948307e+00  -6.2897493e-01  -1.0225385e+00
  -1.0225385e+00   9.1864194e-01  -5.3232533e-01  -2.0149858e+00  -1.6476911e+00   1.3948307e+00  -1.6133184e+00
  -1.6133184e+00  -1.0225385e+00   9.1864194e-01   4.9171688e-01  -2.0149858e+00  -1.6476911e+00   1.1238199e-01
   1.1238199e-01  -1.6133184e+00  -1.0225385e+00  -1.5549753e+00   4.9171688e-01  -2.0149858e+00  -1.0683097e+00
  -1.0683097e+00   1.1238199e-01  -1.6133184e+00  -1.4060908e-01  -1.5549753e+00   4.9171688e-01  -2.7292521e-01
  -2.7292521e-01  -1.0683097e+00   1.1238199e-01   2.4494367e-01  -1.4060908e-01  -1.5549753e+00   1.4805196e-01
   1.4805196e-01  -2.7292521e-01  -1.0683097e+00  -2.6745850e-01   2.4494367e-01  -1.4060908e-01  -1.6467630e-01
  -1.6467630e-01   1.4805196e-01  -2.7292521e-01  -5.7024548e-01  -2.6745850e-01   2.4494367e-01  -4.3520895e-01
  -4.3520895e-01  -1.6467630e-01   1.4805196e-01  -1.8726679e-01  -5.7024548e-01  -2.6745850e-01  -1.9965632e-01
  -1.9965632e-01  -4.3520895e-01  -1.6467630e-01   1.2085566e+00  -1.8726679e-01  -5.7024548e-01   8.3672150e-01
   8.3672150e-01  -1.9965632e-01  -4.3520895e-01  -6.3885466e-01   1.2085566e+00  -1.8726679e-01  -3.2087614e-01
  -3.2087614e-01   8.3672150e-01  -1.9965632e-01   6.0554030e-01  -6.3885466e-01   1.2085566e+00   3.6825484e-01
   3.6825484e-01  -3.2087614e-01   8.3672150e-01  -6.2448054e-01   6.0554030e-01  -6.3885466e-01  -3.8115288e-01
  -3.8115288e-01   3.6825484e-01  -3.2087614e-01   5.7222812e-01  -6.2448054e-01   6.0554030e-01   3.4173766e-01
   3.4173766e-01  -3.8115288e-01   3.6825484e-01  -7.2441050e-01   5.7222812e-01  -6.2448054e-01  -4.5630364e-01
  -4.5630364e-01   3.4173766e-01  -3.8115288e-01   1.1921955e+00  -7.2441050e-01   5.7222812e-01   7.7239208e-01
   7.7239208e-01  -4.5630364e-01   3.4173766e-01   1.8674674e-01   1.1921955e+00  -7.2441050e-01   2.6272962e-01
   2.6272962e-01   7.7239208e-01  -4.5630364e-01   1.5949389e+00   1.8674674e-01   1.1921955e+00   1.1666988e+00
   1.1666988e+00   2.6272962e-01   7.7239208e-01   3.2130706e-01   1.5949389e+00   1.8674674e-01   4.1074518e-01
   4.1074518e-01   1.1666988e+00   2.6272962e-01   8.6684073e-01   3.2130706e-01   1.5949389e+00   6.6576481e-01
   6.6576481e-01   4.1074518e-01   1.1666988e+00   1.2918436e+00   8.6684073e-01   3.2130706e-01   1.0219332e+00
   1.0219332e+00   6.6576481e-01   4.1074518e-01   4.3431265e-01   1.2918436e+00   8.6684073e-01   4.6166179e-01
   4.6166179e-01   1.0219332e+00   6.6576481e-01  -3.8620693e-01   4.3431265e-01   1.2918436e+00  -2.1706306e-01
  -2.1706306e-01   4.6166179e-01   1.0219332e+00  -1.1256376e-01  -3.8620693e-01   4.3431265e-01  -1.2029573e-01
  -1.2029573e-01  -2.1706306e-01   4.6166179e-01  -9.6433308e-01  -1.1256376e-01  -3.8620693e-01  -7.0299619e-01
  -7.0299619e-01  -1.2029573e-01  -2.1706306e-01  -2.0572512e+00  -9.6433308e-01  -1.1256376e-01  -1.5769004e+00
  -1.5769004e+00  -7.0299619e-01  -1.2029573e-01   1.4999607e-01  -2.0572512e+00  -9.6433308e-01  -1.3183721e-01
  -1.3183721e-01  -1.5769004e+00  -7.0299619e-01   5.4203757e-01   1.4999607e-01  -2.0572512e+00   3.8867511e-01
   3.8867511e-01  -1.3183721e-01  -1.5769004e+00   2.5440882e-01   5.4203757e-01   1.4999607e-01   2.4286197e-01
   2.4286197e-01   3.8867511e-01  -1.3183721e-01  -3.0724069e-01   2.5440882e-01   5.4203757e-01  -1.8659787e-01
  -1.8659787e-01   2.4286197e-01   3.8867511e-01  -4.1711183e-01  -3.0724069e-01   2.5440882e-01  -3.3014168e-01
  -3.3014168e-01  -1.8659787e-01   2.4286197e-01   1.1368048e+00  -4.1711183e-01  -3.0724069e-01   7.6167302e-01
   7.6167302e-01  -3.3014168e-01  -1.8659787e-01   3.9131381e-01   1.1368048e+00  -4.1711183e-01   4.0423515e-01
   4.0423515e-01   7.6167302e-01  -3.3014168e-01   1.6051478e+00   3.9131381e-01   1.1368048e+00   1.1967573e+00
   1.1967573e+00   4.0423515e-01   7.6167302e-01   8.2589231e-01   1.6051478e+00   3.9131381e-01   7.7318952e-01
   7.7318952e-01   1.1967573e+00   4.0423515e-01   1.4703904e+00   8.2589231e-01   1.6051478e+00   1.1532612e+00
   1.1532612e+00   7.7318952e-01   1.1967573e+00  -1.3789069e+00   1.4703904e+00   8.2589231e-01  -8.1123147e-01
  -8.1123147e-01   1.1532612e+00   7.7318952e-01  -2.6017207e-01  -1.3789069e+00   1.4703904e+00  -3.3038352e-01
  -3.3038352e-01  -8.1123147e-01   1.1532612e+00   9.9476817e-01  -2.6017207e-01  -1.3789069e+00   6.7097746e-01
   6.7097746e-01  -3.3038352e-01  -8.1123147e-01   1.8340337e+00   9.9476817e-01  -2.6017207e-01   1.4178979e+00
   1.4178979e+00   6.7097746e-01  -3.3038352e-01  -1.7159103e+00   1.8340337e+00   9.9476817e-01  -1.0100905e+00
  -1.0100905e+00   1.4178979e+00   6.7097746e-01   8.6931706e-02  -1.7159103e+00   1.8340337e+00  -1.1823857e-01
  -1.1823857e-01  -1.0100905e+00   1.4178979e+00   1.9556744e+00   8.6931706e-02  -1.7159103e+00   1.3932015e+00
   1.3932015e+00  -1.1823857e-01  -1.0100905e+00   1.6145377e-01   1.9556744e+00   8.6931706e-02   3.3569462e-01
   3.3569462e-01   1.3932015e+00  -1.1823857e-01  -6.2868836e-01   1.6145377e-01   1.9556744e+00  -4.1641273e-01
  -4.1641273e-01   3.3569462e-01   1.3932015e+00  -1.4388245e+00  -6.2868836e-01   1.6145377e-01  -1.0952172e+00
  -1.0952172e+00  -4.1641273e-01   3.3569462e-01  -6.6595969e-02  -1.4388245e+00  -6.2868836e-01  -2.1408046e-01
  -2.1408046e-01  -1.0952172e+00  -4.1641273e-01   3.7338086e-01  -6.6595969e-02  -1.4388245e+00   2.4844014e-01
   2.4844014e-01  -2.1408046e-01  -1.0952172e+00   2.1731408e-01   3.7338086e-01  -6.6595969e-02   1.9609300e-01
   1.9609300e-01   2.4844014e-01  -2.1408046e-01  -1.7945682e-01   2.1731408e-01   3.7338086e-01  -1.0090160e-01
  -1.0090160e-01   1.9609300e-01   2.4844014e-01   2.5672907e-02  -1.7945682e-01   2.1731408e-01  -2.6334080e-04
  -2.6334080e-04  -1.0090160e-01   1.9609300e-01   6.4206636e-01   2.5672907e-02  -1.7945682e-01   4.5963892e-01
   4.5963892e-01  -2.6334080e-04  -1.0090160e-01   9.2308665e-01   6.4206636e-01   2.5672907e-02   7.3086643e-01
   7.3086643e-01   4.5963892e-01  -2.6334080e-04  -1.5551078e+00   9.2308665e-01   6.4206636e-01  -1.0004887e+00
  -1.0004887e+00   7.3086643e-01   4.5963892e-01   6.6359403e-01  -1.5551078e+00   9.2308665e-01   3.0463921e-01
   3.0463921e-01  -1.0004887e+00   7.3086643e-01  -6.0949961e-01   6.6359403e-01  -1.5551078e+00  -3.7045814e-01
  -3.7045814e-01   3.0463921e-01  -1.0004887e+00   5.6523940e-01  -6.0949961e-01   6.6359403e-01   3.3851422e-01
   3.3851422e-01  -3.7045814e-01   3.0463921e-01  -6.1078145e-01   5.6523940e-01  -6.0949961e-01  -3.7593803e-01
  -3.7593803e-01   3.3851422e-01  -3.7045814e-01   1.2311115e+00  -6.1078145e-01   5.6523940e-01   8.1291752e-01
   8.1291752e-01  -3.7593803e-01   3.3851422e-01   9.9429975e-01   1.2311115e+00  -6.1078145e-01   8.4386173e-01
   8.4386173e-01   8.1291752e-01  -3.7593803e-01  -8.0347471e-01   9.9429975e-01   1.2311115e+00  -4.5247130e-01
  -4.5247130e-01   8.4386173e-01   8.1291752e-01  -5.9120448e-01  -8.0347471e-01   9.9429975e-01  -5.0481958e-01
  -5.0481958e-01  -4.5247130e-01   8.4386173e-01   1.6915464e+00  -5.9120448e-01  -8.0347471e-01   1.1344711e+00
   1.1344711e+00  -5.0481958e-01  -4.5247130e-01   9.5335552e-01   1.6915464e+00  -5.9120448e-01   8.6624453e-01
   8.6624453e-01   1.1344711e+00  -5.0481958e-01  -1.9300549e+00   9.5335552e-01   1.6915464e+00  -1.2573395e+00
  -1.2573395e+00   8.6624453e-01   1.1344711e+00   5.1284499e-01  -1.9300549e+00   9.5335552e-01   1.5542915e-01
   1.5542915e-01  -1.2573395e+00   8.6624453e-01   3.9368245e-01   5.1284499e-01  -1.9300549e+00   3.2540095e-01
   3.2540095e-01   1.5542915e-01  -1.2573395e+00  -9.0542650e-01   3.9368245e-01   5.1284499e-01  -5.9843689e-01
  -5.9843689e-01   3.2540095e-01   1.5542915e-01  -1.2744733e+00  -9.0542650e-01   3.9368245e-01  -1.0081272e+00
  -1.0081272e+00  -5.9843689e-01   3.2540095e-01   3.4654610e-01  -1.2744733e+00  -9.0542650e-01   9.7223064e-02
   9.7223064e-02  -1.0081272e+00  -5.9843689e-01  -1.1952354e+00   3.4654610e-01  -1.2744733e+00  -8.2265003e-01
  -8.2265003e-01   9.7223064e-02  -1.0081272e+00   6.6720144e-01  -1.1952354e+00   3.4654610e-01   3.4302944e-01
   3.4302944e-01  -8.2265003e-01   9.7223064e-02  -6.7793775e-02   6.6720144e-01  -1.1952354e+00   1.8588098e-02
   1.8588098e-02   3.4302944e-01  -8.2265003e-01  -1.7356601e+00  -6.7793775e-02   6.6720144e-01  -1.2412537e+00
  -1.2412537e+00   1.8588098e-02   3.4302944e-01   8.0634857e-01  -1.7356601e+00  -6.7793775e-02   3.7911498e-01
   3.7911498e-01  -1.2412537e+00   1.8588098e-02  -9.1480074e-01   8.0634857e-01  -1.7356601e+00  -5.7373019e-01
  -5.7373019e-01   3.7911498e-01  -1.2412537e+00  -5.1401256e-01  -9.1480074e-01   8.0634857e-01  -4.6471083e-01
  -4.6471083e-01  -5.7373019e-01   3.7911498e-01   1.8962606e+00  -5.1401256e-01  -9.1480074e-01   1.2882848e+00
   1.2882848e+00  -4.6471083e-01  -5.7373019e-01  -2.5322999e-01   1.8962606e+00  -5.1401256e-01   2.9292405e-02
   2.9292405e-02   1.2882848e+00  -4.6471083e-01  -1.7453060e-01  -2.5322999e-01   1.8962606e+00  -1.3989343e-01
  -1.3989343e-01   2.9292405e-02   1.2882848e+00   9.7878842e-01  -1.7453060e-01  -2.5322999e-01   6.7729099e-01
   6.7729099e-01  -1.3989343e-01   2.9292405e-02   1.2895537e+00   9.7878842e-01  -1.7453060e-01   1.0287901e+00
   1.0287901e+00   6.7729099e-01  -1.3989343e-01  -5.3057504e-01   1.2895537e+00   9.7878842e-01  -2.2617289e-01
  -2.2617289e-01   1.0287901e+00   6.7729099e-01  -6.9297149e-01  -5.3057504e-01   1.2895537e+00  -5.4463543e-01
  -5.4463543e-01  -2.2617289e-01   1.0287901e+00  -8.5980623e-01  -6.9297149e-01  -5.3057504e-01  -6.9460645e-01
  -6.9460645e-01  -5.4463543e-01  -2.2617289e-01   5.2903806e-01  -8.5980623e-01  -6.9297149e-01   2.7530579e-01
   2.7530579e-01  -6.9460645e-01  -5.4463543e-01  -2.2785198e-01   5.2903806e-01  -8.5980623e-01  -1.0915339e-01
  -1.0915339e-01   2.7530579e-01  -6.9460645e-01   3.7677033e-01  -2.2785198e-01   5.2903806e-01   2.4641774e-01
   2.4641774e-01  -1.0915339e-01   2.7530579e-01   1.2215562e+00   3.7677033e-01  -2.2785198e-01   9.1227785e-01
   9.1227785e-01   2.4641774e-01  -1.0915339e-01   1.0982878e+00   1.2215562e+00   3.7677033e-01   9.2362225e-01
   9.2362225e-01   9.1227785e-01   2.4641774e-01  -8.5301434e-01   1.0982878e+00   1.2215562e+00  -4.7579666e-01
  -4.7579666e-01   9.2362225e-01   9.1227785e-01  -9.0420430e-01  -8.5301434e-01   1.0982878e+00  -7.3289564e-01
  -7.3289564e-01  -4.7579666e-01   9.2362225e-01   6.9867040e-01  -9.0420430e-01  -8.5301434e-01   3.9074568e-01
   3.9074568e-01  -7.3289564e-01  -4.7579666e-01   4.8259771e-01   6.9867040e-01  -9.0420430e-01   4.1632055e-01
   4.1632055e-01   3.9074568e-01  -7.3289564e-01   8.1169598e-01   4.8259771e-01   6.9867040e-01   6.3789501e-01
   6.3789501e-01   4.1632055e-01   3.9074568e-01   3.2788265e-01   8.1169598e-01   4.8259771e-01   3.2901161e-01
   3.2901161e-01   6.3789501e-01   4.1632055e-01  -1.5869167e+00   3.2788265e-01   8.1169598e-01  -1.0889215e+00
  -1.0889215e+00   3.2901161e-01   6.3789501e-01  -9.2078305e-01  -1.5869167e+00   3.2788265e-01  -8.3304350e-01
  -8.3304350e-01  -1.0889215e+00   3.2901161e-01  -6.1427376e-01  -9.2078305e-01  -1.5869167e+00  -5.5296262e-01
  -5.5296262e-01  -8.3304350e-01  -1.0889215e+00  -3.3467155e-01  -6.1427376e-01  -9.2078305e-01  -3.1500365e-01
  -3.1500365e-01  -5.5296262e-01  -8.3304350e-01   8.0344625e-02  -3.3467155e-01  -6.1427376e-01   1.4885736e-02
   1.4885736e-02  -3.1500365e-01  -5.5296262e-01  -4.7555078e-02   8.0344625e-02  -3.3467155e-01  -2.7445772e-02
  -2.7445772e-02   1.4885736e-02  -3.1500365e-01  -6.1473562e-01  -4.7555078e-02   8.0344625e-02  -4.4335673e-01
  -4.4335673e-01  -2.7445772e-02   1.4885736e-02   2.4036197e-01  -6.1473562e-01  -4.7555078e-02   1.0179578e-01
   1.0179578e-01  -4.4335673e-01  -2.7445772e-02   1.2501682e-01   2.4036197e-01  -6.1473562e-01   1.1192692e-01
   1.1192692e-01   1.0179578e-01  -4.4335673e-01  -2.2360459e-01   1.2501682e-01   2.4036197e-01  -1.4391052e-01
  -1.4391052e-01   1.1192692e-01   1.0179578e-01  -3.9103948e-01  -2.2360459e-01   1.2501682e-01  -3.0314626e-01
  -3.0314626e-01  -1.4391052e-01   1.1192692e-01  -1.3820454e+00  -3.9103948e-01  -2.2360459e-01  -1.0312941e+00
  -1.0312941e+00  -3.0314626e-01  -1.4391052e-01   1.0762916e+00  -1.3820454e+00  -3.9103948e-01   6.0893548e-01
   6.0893548e-01  -1.0312941e+00  -3.0314626e-01   1.2694657e+00   1.0762916e+00  -1.3820454e+00   1.0168857e+00
   1.0168857e+00   6.0893548e-01  -1.0312941e+00   4.8726835e-01   1.2694657e+00   1.0762916e+00   4.9773349e-01
   4.9773349e-01   1.0168857e+00   6.0893548e-01  -9.5637357e-01   4.8726835e-01   1.2694657e+00  -6.1783941e-01
  -6.1783941e-01   4.9773349e-01   1.0168857e+00   4.5180747e-01  -9.5637357e-01   4.8726835e-01   2.1828677e-01
   2.1828677e-01  -6.1783941e-01   4.9773349e-01  -1.2537776e+00   4.5180747e-01  -9.5637357e-01  -8.4977766e-01
  -8.4977766e-01   2.1828677e-01  -6.1783941e-01   2.5643463e-01  -1.2537776e+00   4.5180747e-01   4.4344216e-02
   4.4344216e-02  -8.4977766e-01   2.1828677e-01   4.2122893e-01   2.5643463e-01  -1.2537776e+00   3.2066970e-01
   3.2066970e-01   4.4344216e-02  -8.4977766e-01   1.0423598e+00   4.2122893e-01   2.5643463e-01   7.9226569e-01
   7.9226569e-01   3.2066970e-01   4.4344216e-02   1.2091204e+00   1.0423598e+00   4.2122893e-01   9.8292427e-01
   9.8292427e-01   7.9226569e-01   3.2066970e-01   7.8095454e-01   1.2091204e+00   1.0423598e+00   7.0081064e-01
   7.0081064e-01   9.8292427e-01   7.9226569e-01  -1.1798998e+00   7.8095454e-01   1.2091204e+00  -7.4455211e-01
  -7.4455211e-01   7.0081064e-01   9.8292427e-01   1.0014501e+00  -1.1798998e+00   7.8095454e-01   5.8712885e-01
   5.8712885e-01  -7.4455211e-01   7.0081064e-01  -1.0249047e+00   1.0014501e+00  -1.1798998e+00  -6.2603171e-01
  -6.2603171e-01   5.8712885e-01  -7.4455211e-01  -1.0568456e+00  -1.0249047e+00   1.0014501e+00  -8.6268975e-01
  -8.6268975e-01  -6.2603171e-01   5.8712885e-01   2.8877235e+00  -1.0568456e+00  -1.0249047e+00   1.9334877e+00
   1.9334877e+00  -8.6268975e-01  -6.2603171e-01  -2.6774431e-01   2.8877235e+00  -1.0568456e+00   1.2688781e-01
   1.2688781e-01   1.9334877e+00  -8.6268975e-01  -4.8854004e-01  -2.6774431e-01   2.8877235e+00  -3.5870733e-01
  -3.5870733e-01   1.2688781e-01   1.9334877e+00   4.1942025e-01  -4.8854004e-01  -2.6774431e-01   2.4319045e-01
   2.4319045e-01  -3.5870733e-01   1.2688781e-01  -7.4274532e-01   4.1942025e-01  -4.8854004e-01  -4.8592237e-01
  -4.8592237e-01   2.4319045e-01  -3.5870733e-01   5.7291161e-01  -7.4274532e-01   4.1942025e-01   3.2761358e-01
   3.2761358e-01  -4.8592237e-01   2.4319045e-01  -1.4368045e-01   5.7291161e-01  -7.4274532e-01  -4.2947320e-02
  -4.2947320e-02   3.2761358e-01  -4.8592237e-01  -1.5684385e-01  -1.4368045e-01   5.7291161e-01  -1.2429746e-01
  -1.2429746e-01  -4.2947320e-02   3.2761358e-01  -6.1172915e-01  -1.5684385e-01  -1.4368045e-01  -4.5478473e-01
  -4.5478473e-01  -1.2429746e-01  -4.2947320e-02   1.0040209e-01  -6.1172915e-01  -1.5684385e-01   1.4780581e-03
   1.4780581e-03  -4.5478473e-01  -1.2429746e-01  -1.1129055e+00   1.0040209e-01  -6.1172915e-01  -7.8676361e-01
  -7.8676361e-01   1.4780581e-03  -4.5478473e-01   9.5717215e-01  -1.1129055e+00   1.0040209e-01   5.5764040e-01
   5.5764040e-01  -7.8676361e-01   1.4780581e-03  -5.7788554e-01   9.5717215e-01  -1.1129055e+00  -3.1201183e-01
  -3.1201183e-01   5.5764040e-01  -7.8676361e-01  -5.0613778e-01  -5.7788554e-01   9.5717215e-01  -4.1981321e-01
  -4.1981321e-01  -3.1201183e-01   5.5764040e-01  -9.8313707e-01  -5.0613778e-01  -5.7788554e-01  -7.6198043e-01
  -7.6198043e-01  -4.1981321e-01  -3.1201183e-01  -4.3722205e-01  -9.8313707e-01  -5.0613778e-01  -4.2644595e-01
  -4.2644595e-01  -7.6198043e-01  -4.1981321e-01   1.6407285e+00  -4.3722205e-01  -9.8313707e-01   1.1137580e+00
   1.1137580e+00  -4.2644595e-01  -7.6198043e-01   5.3036656e-01   1.6407285e+00  -4.3722205e-01   5.5983502e-01
   5.5983502e-01   1.1137580e+00  -4.2644595e-01  -2.1223782e+00   5.3036656e-01   1.6407285e+00  -1.4425064e+00
  -1.4425064e+00   5.5983502e-01   1.1137580e+00  -8.5037780e-01  -2.1223782e+00   5.3036656e-01  -8.4149959e-01
  -8.4149959e-01  -1.4425064e+00   5.5983502e-01  -4.2409521e-01  -8.5037780e-01  -2.1223782e+00  -4.1306853e-01
  -4.1306853e-01  -8.4149959e-01  -1.4425064e+00  -1.0295965e+00  -4.2409521e-01  -8.5037780e-01  -7.8887488e-01
  -7.8887488e-01  -4.1306853e-01  -8.4149959e-01  -3.4903598e-01  -1.0295965e+00  -4.2409521e-01  -3.6835618e-01
  -3.6835618e-01  -7.8887488e-01  -4.1306853e-01  -6.7326299e-01  -3.4903598e-01  -1.0295965e+00  -5.2693713e-01
  -5.2693713e-01  -3.6835618e-01  -7.8887488e-01   9.8984953e-01  -6.7326299e-01  -3.4903598e-01   6.2720619e-01
   6.2720619e-01  -5.2693713e-01  -3.6835618e-01  -5.7729303e-01   9.8984953e-01  -6.7326299e-01  -3.0498117e-01
  -3.0498117e-01   6.2720619e-01  -5.2693713e-01  -1.2785136e+00  -5.7729303e-01   9.8984953e-01  -9.7022168e-01
  -9.7022168e-01  -3.0498117e-01   6.2720619e-01   2.8138732e-01  -1.2785136e+00  -5.7729303e-01   5.2803814e-02
   5.2803814e-02  -9.7022168e-01  -3.0498117e-01  -1.3502920e+00   2.8138732e-01  -1.2785136e+00  -9.4048493e-01
  -9.4048493e-01   5.2803814e-02  -9.7022168e-01   9.2860727e-02  -1.3502920e+00   2.8138732e-01  -8.4530345e-02
  -8.4530345e-02  -9.4048493e-01   5.2803814e-02   1.3901976e+00   9.2860727e-02  -1.3502920e+00   9.9254776e-01
   9.9254776e-01  -8.4530345e-02  -9.4048493e-01   1.5327125e-01   1.3901976e+00   9.2860727e-02   2.6624571e-01
   2.6624571e-01   9.9254776e-01  -8.4530345e-02   8.0138148e-01   1.5327125e-01   1.3901976e+00   5.9862108e-01
   5.9862108e-01   2.6624571e-01   9.9254776e-01   2.0267968e-01   8.0138148e-01   1.5327125e-01   2.3650276e-01
   2.3650276e-01   5.9862108e-01   2.6624571e-01  -4.2148658e-01   2.0267968e-01   8.0138148e-01  -2.7203758e-01
  -2.7203758e-01   2.3650276e-01   5.9862108e-01   1.2188914e+00  -4.2148658e-01   2.0267968e-01   8.2350277e-01
   8.2350277e-01  -2.7203758e-01   2.3650276e-01  -1.7514931e+00   1.2188914e+00  -4.2148658e-01  -1.1145964e+00
  -1.1145964e+00   8.2350277e-01  -2.7203758e-01   2.9455470e+00  -1.7514931e+00   1.2188914e+00   1.9116795e+00
   1.9116795e+00  -1.1145964e+00   8.2350277e-01   1.8610598e-01   2.9455470e+00  -1.7514931e+00   4.5300299e-01
   4.5300299e-01   1.9116795e+00  -1.1145964e+00   6.6717400e-01   1.8610598e-01   2.9455470e+00   5.1691240e-01
   5.1691240e-01   4.5300299e-01   1.9116795e+00  -4.2997600e-01   6.6717400e-01   1.8610598e-01  -2.2907190e-01
  -2.2907190e-01   5.1691240e-01   4.5300299e-01  -1.1465837e+00  -4.2997600e-01   6.6717400e-01  -8.6142845e-01
  -8.6142845e-01  -2.2907190e-01   5.1691240e-01  -1.8733063e+00  -1.1465837e+00  -4.2997600e-01  -1.4681158e+00
  -1.4681158e+00  -8.6142845e-01  -2.2907190e-01   1.4080749e+00  -1.8733063e+00  -1.1465837e+00   7.8478487e-01
   7.8478487e-01  -1.4681158e+00  -8.6142845e-01  -1.4764218e+00   1.4080749e+00  -1.8733063e+00  -9.0779998e-01
  -9.0779998e-01   7.8478487e-01  -1.4681158e+00  -8.0937581e-01  -1.4764218e+00   1.4080749e+00  -7.3452832e-01
  -7.3452832e-01  -9.0779998e-01   7.8478487e-01  -1.9689227e-01  -8.0937581e-01  -1.4764218e+00  -2.4159166e-01
  -2.4159166e-01  -7.3452832e-01  -9.0779998e-01  -1.1277002e+00  -1.9689227e-01  -8.0937581e-01  -8.3268639e-01
  -8.3268639e-01  -2.4159166e-01  -7.3452832e-01   1.7992472e-01  -1.1277002e+00  -1.9689227e-01  -5.4180103e-04
  -5.4180103e-04  -8.3268639e-01  -2.4159166e-01   2.9963492e-02   1.7992472e-01  -1.1277002e+00   3.3645157e-02
   3.3645157e-02  -5.4180103e-04  -8.3268639e-01  -7.1109846e-01   2.9963492e-02   1.7992472e-01  -5.0292296e-01
  -5.0292296e-01   3.3645157e-02  -5.4180103e-04   4.5690102e-01  -7.1109846e-01   2.9963492e-02   2.4593520e-01
   2.4593520e-01  -5.0292296e-01   3.3645157e-02  -1.0772416e+00   4.5690102e-01  -7.1109846e-01  -7.2175396e-01
  -7.2175396e-01   2.4593520e-01  -5.0292296e-01  -6.8363113e-01  -1.0772416e+00   4.5690102e-01  -6.0608485e-01
  -6.0608485e-01  -7.2175396e-01   2.4593520e-01   8.1327715e-01  -6.8363113e-01  -1.0772416e+00   4.9551920e-01
   4.9551920e-01  -6.0608485e-01  -7.2175396e-01   1.3701180e-01   8.1327715e-01  -6.8363113e-01   1.8423344e-01
   1.8423344e-01   4.9551920e-01  -6.0608485e-01   4.0378807e-01   1.3701180e-01   8.1327715e-01   3.0888839e-01
   3.0888839e-01   1.8423344e-01   4.9551920e-01   1.2887228e+00   4.0378807e-01   1.3701180e-01   9.6589943e-01
   9.6589943e-01   3.0888839e-01   1.8423344e-01   4.5034347e-01   1.2887228e+00   4.0378807e-01   4.6940885e-01
   4.6940885e-01   9.6589943e-01   3.0888839e-01  -1.1964110e-01   4.5034347e-01   1.2887228e+00  -2.5332950e-02
  -2.5332950e-02   4.6940885e-01   9.6589943e-01   2.9988098e-01  -1.1964110e-01   4.5034347e-01   2.0402438e-01
   2.0402438e-01  -2.5332950e-02   4.6940885e-01   6.4310447e-01   2.9988098e-01  -1.1964110e-01   4.9181819e-01
   4.9181819e-01   2.0402438e-01  -2.5332950e-02  -1.7759682e+00   6.4310447e-01   2.9988098e-01  -1.1920291e+00
  -1.1920291e+00   4.9181819e-01   2.0402438e-01  -2.0134344e-01  -1.7759682e+00   6.4310447e-01  -3.3923506e-01
  -3.3923506e-01  -1.1920291e+00   4.9181819e-01  -1.2363943e+00  -2.0134344e-01  -1.7759682e+00  -9.1675386e-01
  -9.1675386e-01  -3.3923506e-01  -1.1920291e+00   5.7618687e-01  -1.2363943e+00  -2.0134344e-01   2.6946304e-01
   2.6946304e-01  -9.1675386e-01  -3.3923506e-01   9.3354405e-01   5.7618687e-01  -1.2363943e+00   7.2198348e-01
   7.2198348e-01   2.6946304e-01  -9.1675386e-01   1.1313902e+00   9.3354405e-01   5.7618687e-01   9.1577939e-01
   9.1577939e-01   7.2198348e-01   2.6946304e-01  -9.0637406e-01   1.1313902e+00   9.3354405e-01  -5.1208727e-01
  -5.1208727e-01   9.1577939e-01   7.2198348e-01  -5.1537983e-01  -9.0637406e-01   1.1313902e+00  -4.6147183e-01
  -4.6147183e-01  -5.1208727e-01   9.1577939e-01   1.1815158e+00  -5.1537983e-01  -9.0637406e-01   7.7858957e-01
   7.7858957e-01  -4.6147183e-01  -5.1208727e-01   2.0053173e-01   1.1815158e+00  -5.1537983e-01   2.7231485e-01
   2.7231485e-01   7.7858957e-01  -4.6147183e-01  -3.6433048e-01   2.0053173e-01   1.1815158e+00  -2.2911792e-01
  -2.2911792e-01   2.7231485e-01   7.7858957e-01  -1.7909664e-01  -3.6433048e-01   2.0053173e-01  -1.6698358e-01
  -1.6698358e-01  -2.2911792e-01   2.7231485e-01   1.6892567e-01  -1.7909664e-01  -3.6433048e-01   9.7809148e-02
   9.7809148e-02  -1.6698358e-01  -2.2911792e-01   7.9655209e-01   1.6892567e-01  -1.7909664e-01   5.8576079e-01
   5.8576079e-01   9.7809148e-02  -1.6698358e-01  -4.6451231e-01   7.9655209e-01   1.6892567e-01  -2.4034929e-01
  -2.4034929e-01   5.8576079e-01   9.7809148e-02  -8.1444933e-01  -4.6451231e-01   7.9655209e-01  -6.2758496e-01
  -6.2758496e-01  -2.4034929e-01   5.8576079e-01   6.7371678e-02  -8.1444933e-01  -4.6451231e-01  -4.6767227e-02
  -4.6767227e-02  -6.2758496e-01  -2.4034929e-01   1.8414955e-01   6.7371678e-02  -8.1444933e-01   1.3304718e-01
   1.3304718e-01  -4.6767227e-02  -6.2758496e-01  -5.6014374e-02   1.8414955e-01   6.7371678e-02  -1.9012228e-02
  -1.9012228e-02   1.3304718e-01  -4.6767227e-02   6.7432627e-01  -5.6014374e-02   1.8414955e-01   4.7592112e-01
   4.7592112e-01  -1.9012228e-02   1.3304718e-01   2.5575448e+00   6.7432627e-01  -5.6014374e-02   1.8997552e+00
   1.8997552e+00   4.7592112e-01  -1.9012228e-02   1.1771695e+00   2.5575448e+00   6.7432627e-01   1.1326835e+00
   1.1326835e+00   1.8997552e+00   4.7592112e-01  -1.2985390e+00   1.1771695e+00   2.5575448e+00  -7.7514336e-01
  -7.7514336e-01   1.1326835e+00   1.8997552e+00  -4.1011473e-01  -1.2985390e+00   1.1771695e+00  -4.2970667e-01
  -4.2970667e-01  -7.7514336e-01   1.1326835e+00  -1.8472843e+00  -4.1011473e-01  -1.2985390e+00  -1.3723993e+00
  -1.3723993e+00  -4.2970667e-01  -7.7514336e-01  -8.9906196e-01  -1.8472843e+00  -4.1011473e-01  -8.5285920e-01
  -8.5285920e-01  -1.3723993e+00  -4.2970667e-01   1.1732961e+00  -8.9906196e-01  -1.8472843e+00   7.2225259e-01
   7.2225259e-01  -8.5285920e-01  -1.3723993e+00   1.6119504e+00   1.1732961e+00  -8.9906196e-01   1.2749502e+00
   1.2749502e+00   7.2225259e-01  -8.5285920e-01   2.3182096e+00   1.6119504e+00   1.1732961e+00   1.8430182e+00
   1.8430182e+00   1.2749502e+00   7.2225259e-01  -8.1466676e-01   2.3182096e+00   1.6119504e+00  -3.0785734e-01
  -3.0785734e-01   1.8430182e+00   1.2749502e+00   8.5306852e-01  -8.1466676e-01   2.3182096e+00   5.3344861e-01
   5.3344861e-01  -3.0785734e-01   1.8430182e+00  -5.7400530e-01   8.5306852e-01  -8.1466676e-01  -3.1804998e-01
  -3.1804998e-01   5.3344861e-01  -3.0785734e-01   1.3629621e+00  -5.7400530e-01   8.5306852e-01   9.1307326e-01
   9.1307326e-01  -3.1804998e-01   5.3344861e-01   1.1485638e+00   1.3629621e+00  -5.7400530e-01   9.6911065e-01
   9.6911065e-01   9.1307326e-01  -3.1804998e-01  -3.7880353e-01   1.1485638e+00   1.3629621e+00  -1.3125580e-01
  -1.3125580e-01   9.6911065e-01   9.1307326e-01  -2.3804756e+00  -3.7880353e-01   1.1485638e+00  -1.7319065e+00
  -1.7319065e+00  -1.3125580e-01   9.6911065e-01  -8.1629995e-02  -2.3804756e+00  -3.7880353e-01  -3.2888074e-01
  -3.2888074e-01  -1.7319065e+00  -1.3125580e-01  -1.2235184e+00  -8.1629995e-02  -2.3804756e+00  -8.9868178e-01
  -8.9868178e-01  -3.2888074e-01  -1.7319065e+00  -1.0840405e+00  -1.2235184e+00  -8.1629995e-02  -9.1255121e-01
  -9.1255121e-01  -8.9868178e-01  -3.2888074e-01  -4.4065264e-01  -1.0840405e+00  -1.2235184e+00  -4.4518346e-01
  -4.4518346e-01  -9.1255121e-01  -8.9868178e-01  -1.5223432e+00  -4.4065264e-01  -1.0840405e+00  -1.1434943e+00
